t
v 0 0
v 1 8
v 2 8
v 3 8
v 4 8
v 5 8
e 0 1 0
e 0 2 0
e 0 3 0
e 0 4 0
e 0 5 0
e 0 1 1
e 0 2 1
e 0 3 1
e 0 4 1
e 0 5 1
e 1 0 1
e 2 0 1
e 3 0 1
e 4 0 1
e 5 0 1
t
v 0 0
v 1 8
v 2 8
v 3 8
v 4 8
e 0 1 0
e 0 2 0
e 0 3 0
e 0 4 0
e 0 1 1
e 0 2 1
e 0 3 1
e 0 4 1
e 1 0 1
e 2 0 1
e 3 0 1
e 4 0 1
t
v 0 0
v 1 5
v 2 12
v 3 1
e 0 1 0
e 0 2 0
e 0 3 0
e 2 1 1
e 3 2 1
t
v 0 0
v 1 1
v 2 8
e 0 1 0
e 0 2 0
e 0 1 1
e 0 2 1
e 1 0 1
e 2 0 1
t
v 0 0
v 1 5
v 2 5
v 3 2
v 4 3
v 5 6
v 6 3
v 7 2
v 8 3
v 9 6
v 10 3
v 11 2
v 12 3
v 13 6
v 14 3
v 15 2
v 16 3
v 17 6
v 18 3
v 19 2
v 20 3
v 21 6
v 22 3
v 23 2
v 24 3
v 25 6
v 26 3
v 27 2
v 28 3
v 29 6
v 30 3
v 31 2
v 32 3
v 33 6
v 34 3
v 35 2
v 36 3
v 37 6
v 38 3
v 39 2
v 40 3
v 41 6
v 42 3
v 43 2
v 44 3
v 45 6
v 46 3
v 47 2
v 48 3
v 49 6
v 50 3
v 51 2
e 0 1 0
e 0 2 0
e 0 3 0
e 0 3 1
e 0 7 1
e 0 11 1
e 0 15 1
e 0 19 1
e 0 23 1
e 0 27 1
e 0 31 1
e 0 35 1
e 0 39 1
e 0 43 1
e 0 47 1
e 0 51 1
e 3 0 1
e 3 4 0
e 3 6 0
e 4 5 0
e 5 1 1
e 6 7 0
e 7 0 1
e 7 8 0
e 7 10 0
e 8 9 0
e 9 1 1
e 10 11 0
e 11 0 1
e 11 12 0
e 11 14 0
e 12 13 0
e 13 1 1
e 14 15 0
e 15 0 1
e 15 16 0
e 15 18 0
e 16 17 0
e 17 1 1
e 18 19 0
e 19 0 1
e 19 20 0
e 19 22 0
e 20 21 0
e 21 1 1
e 22 23 0
e 23 0 1
e 23 24 0
e 23 26 0
e 24 25 0
e 25 1 1
e 26 27 0
e 27 0 1
e 27 28 0
e 27 30 0
e 28 29 0
e 29 2 1
e 30 31 0
e 31 0 1
e 31 32 0
e 31 34 0
e 32 33 0
e 33 2 1
e 34 35 0
e 35 0 1
e 35 36 0
e 35 38 0
e 36 37 0
e 37 2 1
e 38 39 0
e 39 0 1
e 39 40 0
e 39 42 0
e 40 41 0
e 41 2 1
e 42 43 0
e 43 0 1
e 43 44 0
e 43 46 0
e 44 45 0
e 45 2 1
e 46 47 0
e 47 0 1
e 47 48 0
e 47 50 0
e 48 49 0
e 49 2 1
e 50 51 0
e 51 0 1
t
v 0 0
v 1 5
v 2 5
v 3 12
v 4 5
v 5 12
e 0 1 0
e 0 2 0
e 0 3 0
e 0 4 0
e 0 5 0
e 3 2 1
e 4 1 1
e 5 4 1
t
